Eucidean
50 6192, 7473, 1.2068799
100 8600, 8897, 1.0345349
150 11419, 11193, 0.9802084
200 11874, 13320, 1.1217787
250 13159, 14829, 1.1269094
300 14544, 16283, 1.1195682
350 15592, 16941, 1.0865188
400 16687, 18490, 1.1080482
450 16955, 18730, 1.1046889
500 18116, 21189, 1.1696291
550 19286, 21431, 1.1112206
600 19735, 21752, 1.1022042
650 20327, 24359, 1.1983569
700 21873, 25356, 1.1592374
750 21999, 25683, 1.1674621
800 23055, 27203, 1.1799176
850 23464, 27340, 1.1651893
900 24249, 27379, 1.1290774
950 24485, 28678, 1.1712477
1000 25069, 27819, 1.1096972
Maximum ratio: 1.2068799
