Random GENERAL graphs.
	Nodes	Christofides cost	Time	Matching cost	Time
	50 7410, 62, 3414, 73, 0.46072873
	100 13454, 29, 3508, 62, 0.2607403
	150 21304, 56, 4284, 200, 0.201089
	200 24705, 139, 7284, 499, 0.2948391
	250 28236, 244, 6037, 909, 0.21380506
	300 35463, 384, 6159, 1652, 0.17367397
	350 43616, 491, 5028, 2694, 0.115278795
	400 51506, 821, 7824, 4030, 0.15190463
	450 52783, 1261, 6358, 5758, 0.12045545
	500 55520, 1610, 9202, 8080, 0.16574207
	550 69134, 2182, 6147, 11629, 0.08891428
	600 67663, 2608, 9555, 14642, 0.14121455
	650 73206, 3598, 13253, 19187, 0.18103707
	700 76975, 4444, 7984, 24516, 0.10372199
	750 92212, 5993, 8601, 31043, 0.09327419
	800 88871, 7149, 11462, 38502, 0.12897345
	850 94928, 7391, 13288, 45723, 0.13997978
	900 105366, 10538, 11735, 56895, 0.111373685
	950 106822, 12776, 12074, 67669, 0.11302915
	1000 120931, 13406, 12961, 77775, 0.10717682
	Nodes	Ccost	Time	Mcost	Time
	1100	128295,	19017,	18781,	114233,	0.14638919
	1200	130490,	22154,	14245,	146380,	0.10916545
	1300	146257,	32436,	17637,	194553,	0.1205891
	1400	147894,	44258,	16305,	268810,	0.11024788
	1500	173697,	52805,	18034,	365204,	0.103824474
	1600	190620,	63999,	18124,	464064,	0.09507921
	1700	197016,	78334,	17761,	559501,	0.090150036
	1800	207133,	105970,	22043,	717488,	0.10641955
	1900	217705,	117950,	20844,	1073077,	0.095744245
	2000	209439,	166409,	17702,	1063572,	0.08452103
